avg = 0.338975
med = 0.283078
var = 0.069513
dev = 0.263653
