avg = -68098376.690000
med = -76624974.500000
var = 1521305805949755648.000000
dev = 1233412261.147811
