cov = -0.011208
cor = -0.136105
