cov = 0.082579
cor = 0.995798
