cov = 0.001622
cor = 0.058407
