testD = 3.591597
prodTestD = 0.999999999987509
