mu	: 3.698338
sgm2	: 2.502810

mu_t	: 3.698338
sgm2_t	: 2.254871
sgm2_u_t	: 2.505412
