mu	: 2.999893
sgm2	: 0.333144

mu_t	: 2.999893
sgm2_t	: 0.299893
sgm2_u_t	: 0.333215
