mu_tilda = 2.174673
sigma2_tilda = 1.576147
t_halfalpha_n = 1.983972
confidence_gap = 0.247841
信頼区間 = [1.926832, 2.422514]
