mu_tilda = -72.351618
z_halfalpha = 1.959964
confidence_gap = 0.247918
信頼区間 = [-72.599536, -72.103700]
